,jeffreyE,jeffreyM,jeffreyFI2,jeffreyKL2,jeffreyMAP,arcsineE,arcsineM,arcsineFI2,arcsineKL2,arcsineMAP,uniformE,uniformM,uniformFI2,uniformKL2,uniformMAP,PC10-4E,PC10-4M,PC10-4FI2,PC10-4KL2,PC10-4MAP,Sample corr,"Sample corr, var=1","Sample corr, var=1, trunc",MLE
0.0,0.24317243448799433,0.281709679344271,0.2706074524144443,0.2232003440793134,0.40533032911624467,0.2173206580250863,0.2478945280690139,0.24089554347551093,0.2038179442386568,0.34812304391363313,0.20320763427853283,0.22857099989070986,0.22536360684970977,0.19238350603880655,0.3142179295732447,0.22715710709991493,0.258070355081051,0.24933780876127404,0.2105174846070336,0.36490310555106137,0.28793307875175694,0.27660881867331794,0.27728519645084126,0.3151991587691511
0.1,0.24562282888640374,0.28006630483940964,0.27100338103138183,0.2241196021763444,0.40288567550509136,0.2188131472765224,0.24825153197857908,0.24307862247337222,0.20580090593127573,0.34485707517681413,0.2055093450366573,0.22920503822638938,0.2261821322017284,0.19294621210625268,0.31359441661406096,0.2275439801651124,0.2578002536801054,0.2507758745321674,0.21174293868165783,0.3634421039675999,0.2888930679154943,0.282296475078142,0.28052333917293754,0.3146431293027834
0.2,0.24655834040828192,0.28106015801778644,0.2704819550398363,0.226425547172504,0.39421334787460044,0.22382435795403335,0.2502197227680509,0.24504139649988355,0.21096425186207157,0.3428986696432724,0.21041892522441835,0.23280527713663735,0.22912500535266,0.19965880770718303,0.3116885109394261,0.23095616736714136,0.25973205579122305,0.2517908173369037,0.2154621039379737,0.35725395126470816,0.28981037581091956,0.29694565072212176,0.29584925596250594,0.3120095848829294
0.3,0.24954896139460306,0.28087578480486924,0.27078227105902575,0.23124838416893123,0.3809381110007237,0.229895830190834,0.25384544512275703,0.24977473319036406,0.21837740334289518,0.3342033221888904,0.22015158853653077,0.2391608760173593,0.23432522309566728,0.2109713597365121,0.308700911884895,0.23742129171543078,0.2625785406092243,0.25637082602768874,0.223030027554403,0.35100652811197136,0.2966489279328124,0.3239664566030012,0.3218562593411594,0.30674608200655135
0.4,0.2551693863942813,0.28142367904343796,0.273324807531362,0.23926710062280512,0.3642297751102543,0.24138474417452696,0.25832676616779054,0.253597808699923,0.230619696668976,0.32513462497538304,0.23293566703433036,0.24552359128478216,0.24246690966762452,0.22585198298025036,0.3006997197893257,0.24525704044584912,0.2676044753143432,0.26004754712688727,0.23308453743559346,0.34045195695194497,0.30454072238738517,0.3574104784882102,0.35815253988639034,0.30216515920179854
0.5,0.26086884293737467,0.28057440344939927,0.27353003038451384,0.2504971404065819,0.34447635741194377,0.25385974677215783,0.264764915172919,0.26119394120105294,0.2475464808306417,0.3148605640717964,0.25007158796887463,0.2563811573117294,0.25380059725008175,0.24847530619534325,0.29232644571096195,0.2565589652349361,0.27047939967943363,0.26671258804479736,0.24876646274090258,0.32789535979300627,0.3132179211396275,0.4051869208488123,0.40741284752731705,0.2935423854794281
0.6,0.2666517709198507,0.27715891650933233,0.27385753352007636,0.26416794013397843,0.32730796164195697,0.26980678636652955,0.2703357082573463,0.26830492868157596,0.27131340271638,0.30254487806378655,0.2736122270557103,0.2673825305377305,0.2661126294932151,0.2785802230016421,0.28315119206350053,0.2691598681593321,0.27373325959830264,0.27229637735108236,0.2679582729777586,0.31454477303560746,0.32557997621650697,0.47633740849661976,0.47786375861562375,0.2838135341959397
0.7,0.27366355555754035,0.2729563225183083,0.27350572249547217,0.28134319052405615,0.3124732897611097,0.2868256495315847,0.27411379988986057,0.274925374583699,0.29905863167450397,0.28920291948592697,0.3004882932806891,0.2788682092235844,0.28100318227301657,0.31680850297023055,0.274034699836785,0.28239099113142857,0.2753511353884604,0.2763058048614394,0.29338082712688845,0.3028922935803164,0.3379449674466388,0.5871756066147693,0.5861552369732921,0.2744354635241777
0.8,0.2793974362196537,0.26712956515765085,0.26932561451690823,0.3020169276914604,0.3040519156111618,0.30307855932391287,0.27552698750687454,0.27955813665939466,0.33651561178009776,0.2828162714349538,0.33183292446542945,0.29022892108918974,0.2961302672827691,0.36909319853554495,0.26824539202254144,0.2950474977507374,0.2738667084699844,0.27729077080438236,0.3207294021269587,0.29455516519791547,0.35328990850647096,0.7768742537707687,0.7798500569028777,0.2679132722549872
0.9,0.27842358762115405,0.2628681202516896,0.2647991454510207,0.3314312212009351,0.30146963653208364,0.313106169869447,0.27381995583340807,0.27999936142229953,0.37947228665807015,0.2785789032818465,0.3582134325376454,0.29524870221025795,0.3057305305784916,0.43734292687167026,0.26493552436184264,0.2963955968690346,0.26960685903720355,0.2733848224365082,0.35211556040430997,0.29378875762089235,0.371557988745191,1.172604170368592,1.1726919432819316,0.265405418339782
