,jeffreyE,jeffreyM,jeffreyFI2,jeffreyKL2,jeffreyMAP,arcsineE,arcsineM,arcsineFI2,arcsineKL2,arcsineMAP,uniformE,uniformM,uniformFI2,uniformKL2,uniformMAP,PC10-4E,PC10-4M,PC10-4FI2,PC10-4KL2,PC10-4MAP,Sample corr,"Sample corr, var=1","Sample corr, var=1, trunc",MLE
0.0,0.4314326938423843,0.601848472206566,0.5548787192224138,0.37590402100455733,1.0629968831649865,0.33714288765141776,0.45078244705688475,0.4337038387974955,0.3099736004298784,0.8837231450985069,0.27305497589097916,0.3461707165019977,0.3540953633900366,0.2654822840469019,0.7368706988043697,0.3698663777603872,0.5016663695308481,0.48085444268111405,0.33347929310375196,0.9137513334973306,0.7790722788595802,0.4045565073678986,0.40477605516193294,0.7383376500632024
0.1,0.43512549869034634,0.6020926085396205,0.5564610402589274,0.3761751642721108,1.060923568727616,0.339041212869924,0.44113913030745705,0.4350644220586691,0.3124923188937575,0.8781772675186986,0.27520313054096995,0.34820876123624356,0.35339339452564067,0.26864031886174955,0.7378041489230288,0.36677630694388524,0.5133627269351828,0.4845103418974755,0.3460201342619576,0.9178365916874329,0.781800697709189,0.41379587893173775,0.41417778472308736,0.7379565858374677
0.2,0.4383950905994027,0.599912888443205,0.5545382046231883,0.3866072291696372,1.05136110595213,0.34492055279696304,0.45345774737008315,0.43653178853257024,0.316770973803073,0.8754242284299679,0.2878101851898628,0.35606583242666473,0.3632184547655034,0.2810602905998743,0.7309752725565181,0.3864910048767398,0.5060424422323863,0.49161446653631574,0.34955568245056395,0.9140612039123092,0.7849955693997316,0.42591691485182315,0.42571485296910894,0.7362715793824737
0.3,0.44616038537459035,0.6033439618431296,0.5590721462404652,0.39324315394089304,1.0452765684385206,0.35701939567363367,0.45911809639118273,0.4476494957809954,0.3281998839668493,0.8712865515859889,0.3062771393842752,0.37311809422896997,0.37496100607130045,0.2993293443414444,0.7312885177343341,0.395769694769762,0.5176675101926906,0.4955213976784346,0.3527174389002173,0.9059682120890018,0.7923799603026443,0.44463541271188606,0.44510620772195825,0.733943324118559
0.4,0.45811481525371084,0.6039948811707756,0.5631139025011705,0.3957132972586573,1.0206108867733164,0.3759761987590149,0.4754522874097136,0.4589205640467322,0.35120046878578726,0.8573310273074286,0.3373885081336841,0.3922969607909862,0.38505827327218234,0.3271773540819555,0.7273840300047277,0.4141888476429936,0.5277696921391067,0.5123195621560579,0.37234918843061277,0.8958496579825285,0.8014116888503455,0.4744275472900592,0.4735414757937322,0.7308582371813251
0.5,0.46858313059817047,0.6073823090473273,0.5656010917402569,0.4180720356026033,0.9931794331818437,0.4053401901275922,0.48619380817924046,0.46718321569657256,0.38451954755396395,0.843930389741,0.37748798797404987,0.4153047693726514,0.41400945031562103,0.3670102955351454,0.7184437109455977,0.4276515605235968,0.5405745978942155,0.5087025263114673,0.3978071867487475,0.8748547975569393,0.8136265511045689,0.5221579994814787,0.522357470172556,0.7221528185636547
0.6,0.4898983968566483,0.6134967648091305,0.5722860421148078,0.43883494631597586,0.9514606629853823,0.44681151425692095,0.5205735088738472,0.4924436875100716,0.43574453037504957,0.8163342661093046,0.4434174330426533,0.45868982243184037,0.4510556109883757,0.43338129027775474,0.7015043947574572,0.46583195078574463,0.5565281908698695,0.5335006743563607,0.4400097848241559,0.8488469001217434,0.8303508208924206,0.5995242140283855,0.5986438835285233,0.7109470707219656
0.7,0.5176901179837297,0.6099259303233309,0.5821921104095505,0.48667854559779533,0.9042381430412435,0.5077336915407125,0.5429408846157557,0.5245737811669048,0.5015277931881307,0.7765022546427152,0.5277335543951212,0.5108976610341394,0.495938024134432,0.5365266814143949,0.6806510135197228,0.5119003695096622,0.5757333249796815,0.5630370960712275,0.4979391282338899,0.8105476676635456,0.8480326877151834,0.7244782436898635,0.7246055055449034,0.6875556048739685
0.8,0.5627034062136194,0.6032776679152778,0.5858789649244532,0.563694751600017,0.8368962936814356,0.603029111507613,0.5753087047445207,0.5613885529981938,0.6285474062270656,0.7184174949225759,0.667971570416188,0.5907734513934926,0.580005881096335,0.6879536539276105,0.6406507634406641,0.5835681846032534,0.5963391870035821,0.5738255378183423,0.5910282286889248,0.7700708649512171,0.8719161101415076,0.9346222780494571,0.9346954756001165,0.6542434198844935
0.9,0.6216450843912636,0.5795809742750659,0.5801180355057931,0.696744524698276,0.7612601213812558,0.7616049273674953,0.6196588426083312,0.6268104000148461,0.8397755837767774,0.6396668191026494,0.9285342800311112,0.7350632521735327,0.7277630453601914,0.9814415585570905,0.5733478112510921,0.6889130522482902,0.6051214856724995,0.6129854588148104,0.7666322618726252,0.7176565519605155,0.896224909214247,1.3509144431409597,1.3504744706555567,0.6017952408226973
