,jeffreyE,jeffreyM,jeffreyFI2,jeffreyKL2,jeffreyMAP,arcsineE,arcsineM,arcsineFI2,arcsineKL2,arcsineMAP,uniformE,uniformM,uniformFI2,uniformKL2,uniformMAP,PC10-4E,PC10-4M,PC10-4FI2,PC10-4KL2,PC10-4MAP,Sample corr,"Sample corr, var=1","Sample corr, var=1, trunc",MLE
0.0,0.395907816052947,0.9996660942397004,0.8011956719914447,0.20068826171116433,2.544852165738219,0.16778983787979895,0.43790876617248775,0.3896191327427575,0.11426386995103557,1.7225729296884333,0.08067087035917109,0.20840463386695074,0.17501329954036152,0.07068532069118227,1.2422923839170066,0.2394921109233821,0.6567423084724521,0.9636052943732533,0.15056467101778043,2.0059982111701187,8.125963361039313,1.4891689233932368,1.3728778166227684,1.494196164442314
0.1,0.38398853082362516,1.0027399064822489,0.8435152325485699,0.20172670567410023,2.5490516632079023,0.16605333169563077,0.4447135612538542,0.3681469706985185,0.10816938011608394,1.7029972266423237,0.08061523542684783,0.2083764063757073,0.22858997876802956,0.07224382096225553,1.232612109990514,0.2642069058617196,0.6872755500334105,0.5902905238200766,0.14825711473302403,2.021578759712097,6.632404810971601,1.5448434793645953,1.7432439666833337,1.5129481750202534
0.2,0.37754962324256514,1.0231266857180323,0.8169666111084893,0.19621955408645333,2.578793157194309,0.163782394846529,0.48004122695096174,0.3608547042272544,0.11338577351239755,1.7085438201980296,0.08648459885297871,0.18892465028469854,0.2108008359709481,0.07442343936275389,1.1994342830723124,0.2888454251611881,0.6532034415165112,0.6303298657861269,0.15435597241131332,2.002350890973633,7.592332458430547,4.340230723593376,1.374124507135945,1.4587856029668265
0.3,0.41771357022384625,0.968304753528571,0.8046318859357522,0.1862931097076645,2.551130952798301,0.16163068906732098,0.45244470913344603,0.5289444179463212,0.10928326388924754,1.7160245474386289,0.08762739084670038,0.2632219636405459,0.1899884461941121,0.08063833071719366,1.236280429256349,0.30300963490777033,0.6555448748629672,0.6401400828689446,0.14301045682347607,1.9331430597085686,8.829541511526012,1.4321520516827666,3.0119601585896336,1.4756606005479518
0.4,0.3965149120525541,0.9349729320237695,0.7793960818682557,0.1860956598680512,2.5219934386897718,0.1577125182809105,0.4684731016867372,0.44219494913187884,0.11713781631949316,1.652260274087923,0.09411519043833891,0.21610950568239182,0.17406763391250232,0.08578519216942505,1.1915102984309287,0.25321684845299935,0.6924397138058842,0.6088282818836084,0.1607111341991712,1.9360402369664644,7.051768908625438,2.2752131463530683,0.9719840783092937,1.456193325631668
0.5,0.40552956914706906,0.9462899126938797,0.8290817426164585,0.18641333646098115,2.4644266422680094,0.15789521096245404,0.4608820640317568,0.378350867446559,0.12334369016048735,1.6347566589364322,0.1042528580042968,0.224808975101896,0.19712522848797961,0.0958028158955747,1.174575084004591,0.26354379410260836,0.6777278386076434,0.5098779391367624,0.1487340737196088,1.8733594847099948,7.623272221370658,1.0530221796562083,1.1027060466883818,1.418022266016912
0.6,0.392301842153221,0.9336788011487218,0.7936479186866322,0.17466056059392057,2.3806248441397795,0.17828399383310875,0.4527843586729379,0.36396909801708344,0.1338450581305714,1.5428460592051498,0.12792384108139196,0.21628316001367556,0.19566488597041584,0.11679379194595918,1.1213502020277932,0.25074075507719684,0.6025211782344397,0.5573400158114032,0.15915485783619318,1.7525473895966324,15.123297964030483,0.9123037603750273,0.973959110224578,1.4169919158828892
0.7,0.346868041846091,0.8863006892232461,0.7419028586995731,0.18596271432412062,2.3206430995872838,0.18076185168058356,0.430841784326632,0.35228051870806376,0.15347098545073817,1.4444459285390354,0.15294426102633635,0.26931380002085525,0.19264904600300797,0.15336970726932542,1.0580518115843525,0.24946327416697064,0.5931491753650423,0.6104449579224855,0.1675741459719537,1.6765640230926144,7.788783748320495,2.063981797081467,1.362961428216723,1.4278235712287501
0.8,0.3835412761493014,0.8362976724314635,0.6951081886910332,0.20377109010893257,1.9911869207068835,0.21090598560582544,0.3958977671095543,0.37785084626148513,0.19518404348527202,1.265714338713349,0.20521839802973918,0.23312678628503058,0.2102784544118305,0.21089120583543217,0.9539006082015541,0.3061157176839845,0.5655208734706533,0.5057377517585022,0.20465697226812005,1.469283902951724,28.548629556974312,1.0889545271971848,0.7490195089219622,1.3395131128033635
0.9,0.32793904711478505,0.7659412761179788,0.6754199176860884,0.23667626752407273,1.620669222045445,0.29514996530539045,0.4026375125026457,0.3669447145894568,0.2820897942858764,0.9737483317123841,0.32114148569905854,0.290284048362148,0.28223267807590946,0.3437667928086953,0.7235330222067291,0.3013764288627522,0.5466044808589627,0.5976748180552806,0.260546645341358,1.1364219618670688,8.517070447545594,0.7563686372292775,0.7531881860889476,1.197659987820732
