,jeffreyE,jeffreyM,jeffreyFI2,jeffreyKL2,jeffreyMAP,arcsineE,arcsineM,arcsineFI2,arcsineKL2,arcsineMAP,uniformE,uniformM,uniformFI2,uniformKL2,uniformMAP,PC10-4E,PC10-4M,PC10-4FI2,PC10-4KL2,PC10-4MAP,Sample corr,"Sample corr, var=1","Sample corr, var=1, trunc",MLE
0.0,0.060663480284176896,0.08423458869421133,0.0767655728274483,0.04847445392025719,0.1694684982519888,0.046806772889011417,0.06490943831106305,0.05975800002333948,0.03961214934600974,0.13010827336904418,0.04030992986930849,0.05355236062469015,0.05082800273433551,0.03435482759457,0.1055278561464746,0.052543760976262274,0.07051941780123129,0.06513840861694059,0.042814374552985646,0.14273271533052492,0.0840096305831616,0.2017111066492196,0.16832406861753066,0.10497220200104665
0.1,0.06167949841928612,0.08283548546568117,0.07714114455515356,0.04886298418612612,0.16761101894059283,0.04761741611579807,0.06402012326731726,0.06010835902628783,0.03958327808817029,0.12725642085705122,0.04053414483845294,0.05322692647960841,0.050773080873214714,0.03411445153083865,0.10565836330874867,0.05221764314978832,0.07061677079644552,0.0653767166196579,0.042700637806549396,0.14219754263126388,0.08490755377326763,0.2631639042970282,0.21262421552056116,0.10633230248865443
0.2,0.06132289889462324,0.08323444922648254,0.07560890060572292,0.04876092027853443,0.16329818697602866,0.04878595542875847,0.06432528105911055,0.06065888279604104,0.04055559596672517,0.126721030925507,0.041218066493553564,0.05366748888821743,0.05073079032954038,0.03556854677328544,0.10422834351838739,0.05294127244071443,0.07042049516948012,0.06491596664403958,0.043137064906097866,0.1384496289789185,0.08483856301155897,0.307381768204587,0.3524437446453455,0.1042149388222042
0.3,0.06099499520136108,0.08158859440222017,0.0749697763988017,0.0491722947713688,0.15762641924403825,0.04876086710910784,0.06447522106861313,0.06088647954908039,0.04165887305000405,0.12205675536922724,0.04317720311004244,0.05466673159514628,0.05117600623330635,0.03768896075988922,0.10244635085065101,0.05343496129749367,0.07019383393025222,0.06552536815083951,0.04438253353363571,0.1347602437266826,0.089798553499541,0.4954000594177074,0.40923714054832055,0.10124092793616983
0.4,0.061900925414167904,0.08109374953951967,0.07443803230839897,0.05074242901031588,0.1488369026680535,0.050878191915533236,0.06448482726188018,0.06060389959914386,0.043836600793423795,0.11732243167342878,0.045292168178995895,0.05465617716497904,0.05232867703882698,0.04023247326718421,0.09746568492343717,0.05467841423830162,0.071481303304131,0.06526957435317529,0.045812746728421186,0.12973624458030383,0.09480546121821168,0.9413407865735604,0.7005336093894194,0.09790637152207758
0.5,0.06134686055407624,0.07890805533087746,0.07250541508898325,0.05241578784136554,0.1376121925752929,0.05300493452617489,0.06385087993901419,0.06105602193121988,0.04686982165427736,0.11228856488013174,0.04842933389409165,0.056096124884167035,0.0543244048241546,0.04497451448962608,0.09246893155780292,0.05620411488054679,0.07053189609311399,0.06669811984686047,0.04883614839906753,0.12177655109048928,0.10116621698030616,0.9805862449633364,0.8630619809935759,0.0925867037043164
0.6,0.061007216255764496,0.0756077237376068,0.07148548114697235,0.05485673024546933,0.12779774425376908,0.055841720104584866,0.06397284855662254,0.06185084846251004,0.05199479156839909,0.10349051436109115,0.053543866248684735,0.05782967438808698,0.055784703686277436,0.051843104633523505,0.0852555701213817,0.05843681692206273,0.06939170898923658,0.0663071600912487,0.052282826265472974,0.11581472295534143,0.10878605483418959,0.7786847624102322,1.5316721681485816,0.08668490527046488
0.7,0.06179648084420973,0.07203448031483073,0.07049669297374118,0.05830882820878241,0.11738387800111595,0.05909021995126377,0.06370279561278004,0.061450238838997084,0.05808429236033801,0.09513553608597611,0.05967822185374112,0.059296987523362335,0.05831677858064252,0.06109921983041526,0.08012869723165,0.06119069940291985,0.06809636252869174,0.06599784185451617,0.0584735866463783,0.10734666745288363,0.12020023881520263,1.0143938601433768,0.8578568615415055,0.07986528956556896
0.8,0.06286088695189111,0.06798627297563685,0.06713155003974333,0.06461007358227677,0.10977662404126894,0.06342039259205963,0.0628956391127197,0.061405340972556705,0.06843413119739956,0.09094595908590719,0.06786545726504684,0.06121873827385725,0.06113283729641544,0.0756482559830843,0.07549009248318148,0.0645184526337398,0.06668061982345584,0.06539878706066603,0.06524111169928906,0.10118870472155901,0.12926035960831583,0.9732720994384935,1.2593665614852687,0.07513531874930976
0.9,0.0642064958457512,0.0661653722317309,0.06462482637568545,0.07287694856652295,0.10741413547288643,0.0653235048610156,0.06207115523324247,0.06077132917697512,0.08082139695104136,0.08828456722707623,0.07527093002144743,0.06189918908489598,0.06306273655685436,0.09765740270965631,0.07328686911388298,0.06355397171613539,0.06511245594189857,0.06436660516047386,0.07448905786518487,0.10044798474590068,0.1430078512195947,0.7103729505743109,0.760642095037232,0.07299762808110377
