,jeffreyE,jeffreyM,jeffreyFI2,jeffreyKL2,jeffreyMAP,arcsineE,arcsineM,arcsineFI2,arcsineKL2,arcsineMAP,uniformE,uniformM,uniformFI2,uniformKL2,uniformMAP,PC10-4E,PC10-4M,PC10-4FI2,PC10-4KL2,PC10-4MAP,Sample corr,"Sample corr, var=1","Sample corr, var=1, trunc",MLE
0.0,0.22260558022393648,0.2523605608557472,0.2440023964688875,0.20723029077799204,0.34454880994393444,0.20195620655611446,0.22576208333701783,0.2207371576337566,0.19117466029401203,0.30181614224829256,0.1903378890097693,0.2107080697457166,0.20850439059314893,0.18171335112478676,0.27685697848795787,0.20967585354401716,0.23380330041778874,0.22715755442418142,0.1966485069804077,0.3138689769174164,0.25850640004138403,0.24138242717313965,0.24196035417451708,0.27786737246763454
0.1,0.22267302704962508,0.2485408872017791,0.24189508982072402,0.20634629286194298,0.33813985102585514,0.2016075790178539,0.2243391925697842,0.22065989830839106,0.19187352243811046,0.29605143917560167,0.19123057767801416,0.2096582120694536,0.20765220612706486,0.18125838998417093,0.27317535233657764,0.20842293283179392,0.2312327729956679,0.22640768310348677,0.19650327544652346,0.3089190129623955,0.2560116908599256,0.24166089977589036,0.2406134691020232,0.274051513701709
0.2,0.21750221512768414,0.24160582119848303,0.23439607780184382,0.2035551307824912,0.3186859080534868,0.20130609462578206,0.21989844327854116,0.2164337598351467,0.19254628201787644,0.2837195314058149,0.19166948484980628,0.20770243366725766,0.2053632464212163,0.1839874700514188,0.2626823488397684,0.20620124428825704,0.2265274671218858,0.22105408105912824,0.1956873988513144,0.2930912503050749,0.24750084427994035,0.24048821028100065,0.23947242389847814,0.2631704455904776
0.3,0.20972782341211477,0.22864050284786597,0.22233012203038086,0.19911445460328858,0.28722660705755704,0.1983036244341637,0.21262224732335908,0.2104819775812978,0.1917157261349196,0.2601113873967621,0.1929393592530255,0.20399625718392395,0.2011605342259982,0.18755297859216105,0.24553185290290444,0.20289163977184374,0.21760769675128783,0.21378327558528756,0.19453468946052022,0.26986456753801585,0.23654172217263494,0.24121538844299173,0.24065682556779808,0.24407186394881802
0.4,0.19954755375346883,0.20999483642897532,0.20696070098970512,0.19266323835701615,0.24784797190816243,0.19491356011517272,0.20068813500835478,0.1985425136050229,0.19037515892665965,0.22993603631787632,0.19202874628339614,0.19576072412083345,0.19470109749385114,0.18925022928697638,0.21851403161815092,0.19553314194871196,0.2047454300499557,0.20138428381989107,0.19072776301202887,0.2368578861464365,0.21983293263086104,0.24454115538709334,0.24504572504688657,0.2200621026716251
0.5,0.18269110795794477,0.18546621188750836,0.18410572722100274,0.182934058367658,0.20155645966169136,0.18591290289622103,0.18419175999045398,0.18379844647835777,0.18671463115779519,0.19342091029551056,0.18799249974738771,0.18493582237163828,0.1843118489930473,0.19088044731183437,0.18690200906529683,0.1847519891798938,0.18457363707433153,0.18448351766504492,0.18541103256994604,0.19780199728178177,0.19705055396659601,0.2552152252291737,0.2562569395496955,0.187626194698576
0.6,0.16003675001772905,0.1535299973848674,0.15465450527223054,0.16699139434772234,0.15443809574599962,0.17082227701075375,0.16068896250307776,0.16137466822209623,0.1784450299152781,0.15247372585732058,0.1788814327928577,0.16581118479411835,0.1668848573377214,0.18721768149889725,0.15016116184330172,0.167125576351347,0.15827525224246344,0.16048636664698318,0.17378121469515567,0.15378181924709364,0.17110011842940584,0.28056856222136933,0.2801209462274627,0.15017964894886188
0.7,0.1303721443972387,0.11728537993928063,0.12021959643166871,0.14365435859569625,0.10926733206735,0.14615162318699293,0.12788629173980284,0.1312281314465532,0.16012566431461908,0.10885770558472833,0.15981754993032268,0.13816610913952104,0.14155531452774797,0.1745943823152264,0.11049305309996588,0.13969604166307992,0.12429151582582466,0.1273835721831532,0.15412464972772458,0.1105397706730329,0.13694304176974342,0.3239308400269924,0.3225634613865462,0.11114766459451042
0.8,0.09164102855805652,0.07678128263987864,0.07989540447039425,0.10910764000621528,0.06951617377775218,0.10885616879162419,0.08799320567432091,0.09198748044102133,0.1299148191874849,0.06982963797676008,0.1265067667931285,0.10049984866415096,0.10497857036164576,0.14799621766489296,0.07141826524519597,0.10207840308750767,0.08356530090209045,0.08758075589298733,0.12043518393951841,0.07007145672687086,0.09863102774802537,0.3921573458795128,0.3946584717112449,0.07175606858071504
0.9,0.04597346619855602,0.0373828816985855,0.03897258239946089,0.06258840149007024,0.03404744344296172,0.057893167069625086,0.04365723825710535,0.0465029633634206,0.07850096377917784,0.0338677540435032,0.07189892772515384,0.052003733732533135,0.05574545607377806,0.09600629676272693,0.03501960917089073,0.05198855064729011,0.04039769011884245,0.04253446863047143,0.07002387845211203,0.03414532304750434,0.053247456200416335,0.4895387901459777,0.48897046545821155,0.03513047301626083
