,jeffreyE,jeffreyM,jeffreyFI2,jeffreyKL2,jeffreyMAP,arcsineE,arcsineM,arcsineFI2,arcsineKL2,arcsineMAP,uniformE,uniformM,uniformFI2,uniformKL2,uniformMAP,PC10-4E,PC10-4M,PC10-4FI2,PC10-4KL2,PC10-4MAP,Sample corr,"Sample corr, var=1","Sample corr, var=1, trunc",MLE
0.0,0.343635766090359,0.4296154719492596,0.4084548184143317,0.31464857413575903,0.6520095264912514,0.28759811901723614,0.3513193262766877,0.3432140228369739,0.27188125705082916,0.5683751384650005,0.24546510939843597,0.29194919836347905,0.2993313283858834,0.24107392665745078,0.4990112330676742,0.3067279900413139,0.3743172579977316,0.3658549263850959,0.28653394424741907,0.5710456940959918,0.500103585013929,0.3064081111638012,0.3066913571508347,0.4985824363303509
0.1,0.34460960435411775,0.427527354560768,0.40659105999422973,0.31303785534202194,0.6450120726473187,0.28827020363344263,0.34357407753232355,0.3436940202540621,0.27449252370987925,0.5617629025148771,0.24698845317411464,0.29195760706351537,0.29845591466206906,0.24331018250917846,0.49574864012623643,0.30395522677209885,0.3796682654504817,0.36789250296421055,0.29670511827223184,0.568349920253298,0.4965020577446845,0.3152329477507597,0.31538480837329375,0.49462970719949695
0.2,0.342177372448091,0.41778795393793416,0.3986103652149935,0.3195430615010698,0.6215074106636289,0.2898181557927461,0.34645836752392345,0.3413796921558392,0.2755609969562373,0.5449765644753968,0.25578339811242273,0.29718993217030154,0.30117663657350213,0.25282319029589595,0.4826871974121439,0.31527024778047885,0.3707894496666166,0.36606317429161284,0.2956123623587385,0.5524022041886388,0.48384145034024634,0.32499021891392227,0.3248433410017784,0.4828612413543386
0.3,0.339319458072121,0.40665222421072694,0.3891929156336707,0.31900767341748676,0.5869893785469481,0.29660750435938976,0.3419284336298426,0.3410329048446514,0.2826779616384312,0.5201227924541975,0.2686674268991099,0.30318376799136226,0.3056612270089756,0.2639379759540065,0.46336936063309614,0.31572134318614253,0.3678221784391093,0.35811733544548824,0.29512712068832736,0.5256542750272684,0.46390757868272275,0.33783441288462085,0.3381740130731928,0.46310884600972724
0.4,0.33371341600877286,0.38643181815155286,0.3716594058160503,0.31012462822752107,0.5335941064315735,0.3010766526852235,0.33992050702860327,0.33329044909018085,0.29154332566406727,0.4778103739640294,0.28748095425412695,0.3091134993842892,0.3055552122932824,0.28123719359920585,0.43571338165720064,0.3187576488970616,0.35594504811015704,0.354290211961705,0.30034307912545866,0.4878489475264331,0.4349500971547358,0.3560723761734974,0.35556057930358864,0.43484562651695496
0.5,0.32268435029423564,0.359077640584903,0.3467358232721507,0.3072510976547817,0.4680518912925964,0.30886609854078645,0.3269217028527212,0.3195386995823143,0.3032677630368338,0.4287546000016522,0.30408565854845127,0.308833070077389,0.3098222193211479,0.2985957073038202,0.39425667745225923,0.30937439487131735,0.3431884226083269,0.3307955258829078,0.3046286707844945,0.43395676257547033,0.3969272601911719,0.3817658198313176,0.38132088114876855,0.39503850536942303
0.6,0.3074935719662478,0.32354954327450136,0.31519865054532836,0.29942384357547247,0.3869334174845473,0.3100918507756352,0.31858548506599593,0.3075835157786993,0.3160216817742458,0.36415349238076605,0.32718006623824125,0.31391035872059775,0.31128429164636456,0.3223065745230161,0.34163623167187723,0.3089135642112847,0.3172908901650317,0.3132306402375169,0.3086463863561904,0.3699529982796681,0.3488907342331033,0.4178562071879479,0.41726887545812646,0.34340834261554104
0.7,0.28228024346872965,0.2728104059042001,0.27284976891946483,0.2881163301616671,0.29416706250198543,0.31238372058482217,0.28788134810649707,0.28252923761528614,0.3158189219591424,0.28150288116681443,0.33749973407409684,0.3022737188320935,0.29716097723008,0.3475382858194345,0.27541196278577207,0.29761036684766173,0.27863224131883113,0.2824184485805215,0.30608858745126966,0.28799741191021605,0.28994527736055076,0.46646933808813934,0.4664319434802189,0.2753614229407916
0.8,0.24127989103736894,0.20257689182371236,0.20924566181712048,0.2673111594849429,0.19183154847013015,0.2919616207507834,0.24137552148160893,0.24150551270488285,0.3163461519731129,0.18775532163915512,0.3406697191124928,0.2808805754136844,0.27789739891323634,0.35462963495892363,0.1915827511880256,0.2671527944815833,0.22671253726180152,0.22481436150267423,0.2872005832268031,0.19836875716373056,0.2167039887603012,0.5290504158293347,0.5292234195110626,0.19220675211465973
0.9,0.16419802374650463,0.10906370543157215,0.1178044171607194,0.20934198650894364,0.08725776224085428,0.23537593981119745,0.1541072342744053,0.16261313935344282,0.2697721685805499,0.08815788206853503,0.3117192776525695,0.2213293779742758,0.22013353831461735,0.3348589330060559,0.09231398255473044,0.19820882682071997,0.13248045426831923,0.13808597823854513,0.23829982823000664,0.10193625978940761,0.125212236051053,0.6069716134174135,0.6066634505526222,0.09324124377392913
