,jeffreyE,jeffreyM,jeffreyFI2,jeffreyKL2,jeffreyMAP,arcsineE,arcsineM,arcsineFI2,arcsineKL2,arcsineMAP,uniformE,uniformM,uniformFI2,uniformKL2,uniformMAP,PC10-4E,PC10-4M,PC10-4FI2,PC10-4KL2,PC10-4MAP,Sample corr,"Sample corr, var=1","Sample corr, var=1, trunc",MLE
0.0,0.17510068405148085,0.25900349119867966,0.23678755653892467,0.14752463652073083,0.4856201049722869,0.12643949361440565,0.18415980856173156,0.1763785001529453,0.11229858822206999,0.3996868102791898,0.09245364417301767,0.13097338829533897,0.13577685444091994,0.08802479696668947,0.3280276701900308,0.14382542734688775,0.20912252131650047,0.1985553269747321,0.12451313037515856,0.40909717545066093,0.3333444591491445,0.16124427725703067,0.16147815486409903,0.32805026247123137
0.1,0.17748911299648248,0.2584600638879889,0.23663781773658008,0.14781739965431476,0.48214220455222656,0.12807598241995963,0.17975174805802707,0.17766671749472956,0.11499715422236516,0.3958921984433196,0.09454418564068755,0.13215691490913092,0.13485812804935218,0.09131736915966872,0.3281158449605652,0.1426641969772066,0.21494327051197032,0.20000213745244197,0.1324929338858681,0.4097776655845518,0.3307957707394375,0.16159060203139533,0.16191427385675025,0.32711654861953726
0.2,0.1791438190274625,0.2551606644529819,0.23423601585762988,0.15594809272668766,0.47024443386435627,0.13279688830339223,0.18499093497404234,0.17874109135650335,0.11815871058725176,0.3892277598882956,0.10308242608611155,0.13912563903348915,0.14128561971035047,0.09955554923894289,0.3229616250203539,0.1544233501555795,0.20997804100876982,0.2048579885363567,0.136447580312755,0.4028881728057044,0.32135131856685095,0.16350195489361186,0.1634123919878589,0.3236689449771518
0.3,0.1829919840735921,0.25338819282694686,0.234441039913165,0.16318865505638466,0.45276566822925757,0.14181439525382533,0.18604914834742875,0.18474415566147215,0.1288098757037543,0.3797282303030779,0.11591879432558658,0.14849010838907253,0.14955608989259161,0.11161105207357613,0.3176652888417575,0.15851862512534937,0.21653869235429501,0.20272625150500512,0.14009042894649745,0.3892418684747118,0.3061604599474138,0.16815556758456143,0.1684483215184662,0.317560465851371
0.4,0.1860056404341527,0.24634595585318744,0.22800502392515679,0.16327274601635058,0.4198472449418937,0.14911561071407267,0.19394220341185292,0.1855073490381307,0.14208858883976658,0.35621526473308035,0.13207533634572619,0.16048441413889086,0.15385689872518415,0.12848146040149058,0.3085413800697538,0.1678566979897316,0.20957324788733672,0.20834622012471254,0.14997690827130042,0.37122776616504877,0.2843431419281901,0.17876065914404568,0.178168366959137,0.30758777663646875
0.5,0.18462446440848748,0.23389007362215736,0.21639793284023873,0.16600039737890518,0.378435178245984,0.16063889764238523,0.1900983208385773,0.181135479023923,0.15584473749354952,0.33113102089419577,0.14814941580911423,0.16358379591358252,0.16674235753346175,0.1436252695455501,0.28663768673342016,0.16516772075505692,0.21085595858135053,0.195871966231121,0.1599115445045554,0.3394692610077562,0.2556208217573593,0.1983581175292022,0.19801771690176106,0.2885759653772367
0.6,0.17898515060705802,0.2155659931615409,0.2006527335981249,0.16571531748641227,0.32133169521117283,0.1665932026747338,0.19238677498249676,0.17817204780312626,0.16940515464844702,0.2910321483107605,0.17105743187976735,0.1722985757663395,0.1728232690440084,0.1637577566430152,0.25657889407654616,0.1706131198477593,0.19695990621059342,0.18999207118471362,0.16792691857749031,0.2995262265340197,0.21893335267652228,0.2322573603397646,0.2315867634626337,0.25932549145861994
0.7,0.16375784709141547,0.18233677277975655,0.173799428965375,0.1589039963740388,0.24714820439223334,0.17222571986180732,0.17222882945579748,0.16652002901892687,0.17001955117249476,0.22879885416816423,0.17748351234165574,0.16672653916880642,0.16143097269831355,0.1853267717981144,0.21299581037640875,0.1666969913385212,0.173461049201202,0.17419524103633238,0.16799835592616308,0.23952605914326253,0.1743804447853996,0.28472515979766566,0.2846165823001796,0.21239300512194767
0.8,0.13271426869378466,0.12943265543230517,0.1261411318135305,0.14098981331525434,0.15826952532114583,0.15365361832924732,0.13763536157127848,0.13556143294438686,0.16467996803457371,0.1524202761656247,0.17383891829394782,0.14886419718930313,0.147449407010155,0.18345634073071143,0.14921616231097118,0.14353970656767082,0.13733607246947502,0.1283628257308047,0.14819696498030543,0.15978585158253603,0.12021844432537054,0.3602110430058565,0.36035358784315064,0.148733965838231
0.9,0.0735726477903454,0.06151628044029617,0.058040747447471557,0.09350944125833284,0.06367298259001837,0.1045833091328865,0.07408077477166626,0.07491408657889,0.1183946942432045,0.0632458261404659,0.1422307058516238,0.10055533273249953,0.09734744755789848,0.15336574457779817,0.06295900874732507,0.0870576739681367,0.07081078123776753,0.06313995040480655,0.10489802163791839,0.06890379319416724,0.057894431289517274,0.46199813695993397,0.4616060040881338,0.06584425217045103
