,jeffreyE,jeffreyM,jeffreyFI2,jeffreyKL2,jeffreyMAP,arcsineE,arcsineM,arcsineFI2,arcsineKL2,arcsineMAP,uniformE,uniformM,uniformFI2,uniformKL2,uniformMAP,PC10-4E,PC10-4M,PC10-4FI2,PC10-4KL2,PC10-4MAP,Sample corr,"Sample corr, var=1","Sample corr, var=1, trunc",MLE
0.0,0.07717720588203347,0.09725307962464488,0.091416383315322,0.06664232088880334,0.16371903285132264,0.0641234736958681,0.07994325777541328,0.07597747889569426,0.05720076704686703,0.13305749452752308,0.05723464208291555,0.06993230477351921,0.0680369289514974,0.05174830312441737,0.11482020759471495,0.06912886321546878,0.08520548839886906,0.08047629482239847,0.06062569336967052,0.142331850727432,0.09988148907054649,0.09429458223744769,0.09504513990256008,0.1152100956107477
0.1,0.07760471850065953,0.0950891630662223,0.09043383501802293,0.0667379302354067,0.1602213347387761,0.06445255752545048,0.07898359921790779,0.07632516606128653,0.05781933774255067,0.12955787054671544,0.057950263853391054,0.06955743233193805,0.06781212725086064,0.05175892168536383,0.11295238765206271,0.06866056913822356,0.08392039745478137,0.08028691500965067,0.06065410270822543,0.1394609239198119,0.09811585561384643,0.09375166248691365,0.09303599986462939,0.1137361484696446
0.2,0.07524680082085967,0.0920146096758921,0.08661923725802642,0.06604376823120608,0.14909146067234802,0.06515874250921344,0.07737026349094292,0.07483918420296697,0.05913274711591435,0.12313134948653878,0.05909718851458458,0.06911860532586438,0.06731494880982676,0.05423134821703487,0.10806295027703378,0.06829801564194318,0.08179468325822095,0.07783356545381696,0.061257600569281846,0.13028077839105268,0.09253928086703864,0.09038580784485885,0.08981353760532336,0.10821022180363922
0.3,0.07182490001923211,0.08532306143771322,0.08050922639615421,0.06480948649949812,0.13081167167472726,0.0642943526898284,0.07449865286264051,0.07248883974914623,0.059964366619035134,0.11001265138413499,0.060903865032495945,0.06843161180316035,0.06607880761942149,0.05724449948981521,0.09909051922918154,0.0672498869894275,0.07763709626564973,0.07443487890342923,0.06185543829817907,0.11719780615775224,0.08611152522052763,0.08798584488901746,0.08768969135551541,0.09809084149985975
0.4,0.06796649332552686,0.07524091606845568,0.07285790846090516,0.06276870170515166,0.10702004249107835,0.06362587052366094,0.0687945594354974,0.06657455672562504,0.06036206916582969,0.09286700106124583,0.06154624390296086,0.06493661569367275,0.06418233359671469,0.05909851305865488,0.08364412377861559,0.06431831749343064,0.07162778168574063,0.06891774128963322,0.06100991001156722,0.09775031209636709,0.07604290729269735,0.08711435482869757,0.08757718905611624,0.08492310598472302
0.5,0.05896471848477928,0.062161657412884215,0.060565018988582194,0.05842030007635577,0.0783689918282201,0.059733811393308606,0.05978665480722398,0.059499967538866015,0.05937095155981161,0.0714611685719751,0.06019034435860503,0.05979383252840535,0.05925332447585315,0.06080496319223188,0.06654178033464414,0.05919858488470408,0.06060249270027066,0.060419349443810895,0.05906691991220259,0.07413824650026454,0.06310689349149061,0.094011942483485,0.09465481988851561,0.06692069589327855
0.6,0.04740196479763116,0.045152734489326614,0.044982994052179585,0.05021278760668479,0.0496475414301535,0.051719427265835775,0.047982088888086236,0.04798764789217292,0.05490782129463711,0.04775974844401219,0.055125339345822415,0.04995531339590413,0.050159513772455214,0.058524166522361344,0.04585416671600313,0.050370813797145746,0.04682504332446094,0.047720624911906234,0.05283186754045532,0.048470972733384035,0.049756019872916904,0.11659570999901324,0.11622424664575534,0.04586571192308111
0.7,0.03290763755615385,0.02771572384951083,0.028886375626010933,0.038387190993580796,0.02484786623078634,0.03905641856694866,0.031425315245317574,0.033022680180969675,0.04475123494775968,0.024670143572968983,0.044928174141509306,0.03596875478765277,0.037276094775159425,0.05069178287611588,0.025722873133130694,0.03646604826840351,0.030343705367184507,0.03113465060929605,0.042461432127503786,0.02538906948013662,0.03367451260616843,0.16187526428445448,0.16074922170838124,0.026345175296581296
0.8,0.016710113164750084,0.011677873619702411,0.012616124479510741,0.022574996476759257,0.008889630007560058,0.02246533466987812,0.015397281582063316,0.01647530598008475,0.029672490358675613,0.009397700735160459,0.028527052688393287,0.019457174621950304,0.02084960228298131,0.03595223039942309,0.009801422302052741,0.020251189495729092,0.01395345423346792,0.015274935023107976,0.026296953858825224,0.009451798840016576,0.018845355966220265,0.23915348940488057,0.24139047638054173,0.010108528723167138
0.9,0.004194249461901699,0.0024662886019460855,0.0027640303418275435,0.007150275156877654,0.001765682709239825,0.006327674533291201,0.0035756900263761563,0.004063682909615314,0.010742699768755538,0.0018476269077250837,0.009208243734143386,0.00501734900050792,0.005841710476651306,0.014912408851646602,0.002083912369169783,0.005154816588998023,0.0029656530166505945,0.003376043154770846,0.00896775187706423,0.0018181111534506028,0.006012216344262076,0.3564149984223123,0.3561328929358847,0.002059094786903673
